((("__update_emacs_ocaml" .
   [1 0 0 0 0 0 0 0 0 0 0 0 0 0 0 0 0 0 0 0])
  ("FD_ISSET" .
   [0 0 0 1 0 0 0 0])
  ("select" .
   [0 0 1 0 0 0])
  ("buf" .
   [1 0 0])
  ("path" .
   [0 0 0 1])
  ("lstat" .
   [1 0 0 0 0])
  ("i" .
   [1])
  ("dup2" .
   [0 0 0 1])
  ("write" .
   [1 0 0 0 0])
  ("slave" .
   [6 0 0 0 0])
  ("close" .
   [4 0 0 0 0])
  ("g_main_process" .
   [0 0 0 0 1 0 0 0 0 0 0 0 0 0])
  ("getpid" .
   [4 0 0 0 0 0])
  ("g_process" .
   [1 0 0 0 0 0 0 0 0])
  ("SIGINT" .
   [2 0 0 0 0 0])
  ("kill" .
   [1 0 0 0])
  ("pid_t" .
   [4 0 0 0 0])
  ("SIGHLD" .
   [1 0 0 0 0 0])
  ("g_cmd" .
   [8 0 0 0 0])
  ("wait" .
   [1 0 0 0])
  ("getValueByString" .
   [0 0 0 0 0 1 0 0 0 0 0 0 0 0 0 0])
  ("m_str" .
   [4 0 0 0 0])
  ("Operand" .
   [2 0 0 0 0 0 1])
  ("CCFLAGS" .
   [1 0 0 0 0 0 0])
  ("cpp" .
   [2 0 0])
  ("exit" .
   [3 0 0 0])
  ("file_out_name" .
   [0 0 0 0 1 0 0 1 1 0 0 0 0])
  ("t_core" .
   [1 0 0 0 1 0])
  ("run" .
   [3 0 0])
  ("clean" .
   [1 0 0 0 0])
  ("fclean" .
   [3 0 0 1 0 0])
  ("all" .
   [4 0 0])
  ("CFLAGS" .
   [1 0 0 0 0 0])
  ("my_script" .
   [1 0 0 0 0 0 0 0 0])
  ("OBJ" .
   [5 0 0])
  ("SRC" .
   [2 0 0])
  ("EXEC" .
   [6 0 0 0])
  ("libmy_malloc_$" .
   [0 0 0 0 0 0 1 0 0 0 0 0 0 0])
  ("jump_to" .
   [1 0 0 0 0 0 0])
  ("unsigned" .
   [0 0 0 1 0 0 0 0])
  ("page" .
   [3 0 0 0])
  ("tmp_size" .
   [1 0 0 0 0 0 0 0])
  ("return" .
   [0 0 0 1 0 0])
  ("remove" .
   [13 0 0 0 0 0])
  ("alloc" .
   [4 0 1 1 0])
  ("prev" .
   [15 0 0 4])
  ("needed" .
   [3 0 0 0 0 0])
  ("best_ptr" .
   [1 0 0 1 1 0 0 1])
  ("is_free" .
   [1 0 1 0 0 0 0])
  ("size_needed" .
   [2 0 0 0 0 0 0 0 0 0 0])
  ("ary2" .
   [1 0 0 0])
  ("var3" .
   [1 0 0 0])
  ("sbrk" .
   [3 0 0 0])
  ("begin" .
   [0 0 1 0 1])
  ("n" .
   [2])
  ("used" .
   [11 0 0 0])
  ("g_page" .
   [3 0 0 1 0 1])
  ("g_memory" .
   [3 0 0 2 0 2 1 0])
  ("check_page" .
   [1 0 0 0 0 0 0 0 0 0])
  ("linear" .
   [0 0 0 0 0 1])
  ("ededed" .
   [1 0 0 0 0 0])
  ("2e2e2e" .
   [1 0 0 0 0 0])
  ("Light" .
   [0 0 0 0 1])
  ("2px" .
   [1 0 0])
  ("20px" .
   [1 0 0 0])
  ("url" .
   [1 0 0])
  ("repeat" .
   [0 0 0 0 0 1])
  ("background-image" .
   [0 0 0 0 0 0 0 0 0 0 0 0 1 0 0 0])
  ("10px" .
   [1 0 0 0])
  ("35px" .
   [1 0 0 0])
  ("1000px" .
   [0 0 0 0 1 0])
  ("height" .
   [0 0 0 0 1 0])
  ("points" .
   [2 0 0 0 0 0])
  ("end" .
   [1 0 0])
  ("51" .
   [1 0])
  ("hpp" .
   [1 0 0])
  ("printw" .
   [1 0 0 0 0 0])
  ("win" .
   [2 0 0])
  ("w" .
   [4])
  ("wrefresh" .
   [1 0 0 0 0 0 0 0])
  ("c_str" .
   [1 0 0 0 0])
  ("toStdString" .
   [1 0 0 0 0 0 0 0 0 0 0])
  ("second" .
   [1 0 0 0 0 0])
  ("str" .
   [3 0 0])
  ("setWidth" .
   [0 0 0 0 0 0 0 1])
  ("setHeight" .
   [0 0 0 0 0 0 1 0 0])
  ("setHeig" .
   [0 0 0 0 0 1 0])
  ("setPosY" .
   [1 0 0 0 0 0 0])
  ("setPosX" .
   [0 0 0 0 0 0 1])
  ("50" .
   [2 0])
  ("_shiftd" .
   [3 0 0 0 0 0 0])
  ("_shift" .
   [0 0 0 2 1 1])
  ("_key" .
   [1 0 1 1])
  ("it" .
   [2 0])
  ("255" .
   [1 0 0])
  ("getKoalaAction" .
   [0 0 0 0 1 0 0 0 1 0 0 0 0 0])
  ("ptr" .
   [11 0 0])
  ("vector" .
   [1 0 0 0 0 0])
  ("_vector" .
   [1 0 0 3 0 0 0])
  ("_KoalaAction" .
   [0 0 1 0 0 0 0 0 0 0 0 0])
  ("KoalaAction" .
   [2 0 2 1 0 0 0 0 0 0 0])
  ("as" .
   [1 0])
  ("compare" .
   [5 0 0 0 0 0 0])
  ("pos" .
   [1 0 0])
  ("Tester" .
   [5 0 0 0 0 0])
  ("add" .
   [1 0 0])
  ("max" .
   [1 0 0])
  ("min" .
   [1 0 0])
  ("f" .
   [1])
  ("fruit" .
   [1 0 0 0 0])
  ("node" .
   [1 0 0 0])
  ("0" .
   [5])
  ("font-size" .
   [0 0 0 0 0 0 0 0 1])
  ("5px" .
   [1 0 0])
  ("vertical-align" .
   [0 0 0 0 0 0 0 0 0 1 1 0 0 0])
  ("ptr3" .
   [4 0 0 0])
  ("on_t1" .
   [1 0 0 0 0])
  ("ptr1" .
   [3 0 0 0])
  ("b" .
   [1])
  ("speak_es" .
   [1 0 0 0 0 0 0 0])
  ("t1" .
   [3 0])
  ("ptr2" .
   [6 0 0 0])
  ("t2" .
   [2 0])
  ("t" .
   [2])
  ("speak" .
   [1 0 0 0 1])
  ("getAscii" .
   [1 0 0 0 0 0 0 0])
  ("_weapon_name" .
   [0 0 0 1 0 0 0 0 0 0 1 0])
  ("20" .
   [1 0])
  ("my" .
   [1 0])
  ("my_strdup" .
   [0 0 0 1 0 0 0 0 0])
  ("_current" .
   [1 0 0 0 0 0 0 0])
  ("_wrecks" .
   [0 0 0 1 0 0 0])
  ("_amount" .
   [0 0 1 0 0 0 0])
  ("_droids" .
   [1 0 0 0 0 0 0])
  ("droid" .
   [1 0 0 0 0])
  ("amount" .
   [0 0 1 0 0 0])
  ("Wreck" .
   [2 0 0 0 0])
  ("qq" .
   [1 0])
  ("_type" .
   [1 0 1 0 0])
  ("Types" .
   [2 0 0 0 0])
  ("Silicon" .
   [2 0 0 0 0 0 0])
  ("Supply" .
   [1 0 0 0 0 0])
  ("s" .
   [2])
  ("getEnergy" .
   [0 0 0 0 0 1 0 0 0])
  ("getSpeed" .
   [0 0 0 0 0 0 0 1])
  ("os" .
   [2 0])
  ("st" .
   [1 0])
  ("Carrier" .
   [2 0 0 0 0 0 0])
  ("Durasel" .
   [0 0 0 0 1 0 0])
  ("operator" .
   [0 0 1 1 0 0 0 0])
  ("ret" .
   [14 0 0])
  ("setExp" .
   [1 0 0 0 0 0])
  ("size_t" .
   [12 0 0 0 0 2])
  ("getFingerPrint" .
   [1 0 0 1 1 0 0 0 0 0 0 0 0 1])
  ("_finger_print" .
   [0 0 0 1 0 0 0 0 0 0 0 0 0])
  ("getExp" .
   [0 0 0 1 0 1])
  ("_exp" .
   [3 0 0 0])
  ("serial" .
   [4 0 0 3 0 0])
  ("_serial" .
   [1 0 0 0 0 0 0])
  ("Legs" .
   [2 0 0 0])
  ("Head" .
   [2 0 1 1])
  ("tmp" .
   [20 0 0])
  ("Arms" .
   [1 0 0 0])
  ("_legs" .
   [1 0 0 1 1])
  ("_arms" .
   [0 0 0 0 1])
  ("_head" .
   [1 0 0 1 2])
  ("head" .
   [1 0 0 0])
  ("legs" .
   [4 0 0 1])
  ("arms" .
   [6 0 0 0])
  ("number" .
   [2 0 0 2 0 0])
  ("stock" .
   [1 0 0 0 0])
  ("_stimPaks" .
   [1 0 2 0 1 0 0 0 0])
  ("stimPaks" .
   [2 0 1 1 0 0 0 0])
  ("string" .
   [24 0 0 0 0 0])
  ("name" .
   [11 0 0 0])
  ("Skat" .
   [2 0 0 0])
  ("inc" .
   [7 0 1])
  ("else" .
   [0 0 1 0])
  ("_repair" .
   [0 0 1 0 0 0 0])
  ("repair" .
   [2 0 0 0 0 0])
  ("_weaponFrequency" .
   [0 0 0 0 1 0 0 0 0 0 0 0 0 0 0 0])
  ("setStability" .
   [0 0 0 0 0 0 0 1 0 0 0 0])
  ("_torpedo" .
   [0 0 0 1 0 0 0 0])
  ("getTorpedo" .
   [1 0 0 0 0 0 0 0 0 0])
  ("shield" .
   [0 0 0 0 1 0])
  ("in" .
   [27 0])
  ("getShield" .
   [1 0 0 0 0 0 0 0 0])
  ("100" .
   [6 0 0])
  ("_shield" .
   [3 0 0 0 0 0 1])
  ("torpedo" .
   [1 0 0 2 0 1 0])
  ("cout" .
   [28 0 0 2])
  ("not" .
   [0 0 1])
  ("struct" .
   [0 0 0 1 0 1])
  ("private" .
   [0 0 0 0 1 0 0])
  ("Name" .
   [0 0 1 0])
  ("If" .
   [0 1])
  ("if" .
   [0 1])
  ("ifc" .
   [0 1 0])
  ("defvar" .
   [0 0 0 1 0 0])
  ("defun" .
   [0 0 0 1 0])
  ("defconst" .
   [0 0 0 1 0 0 0 0])
  ("for" .
   [0 0 1])
  ("std" .
   [77 0 0])
  ("include" .
   [20 0 0 5 0 0 2])
  ("endl" .
   [29 0 0 0])
  ("getCore" .
   [1 0 0 0 0 0 0])
  ("_core" .
   [1 0 0 0 0])
  ("Borg" .
   [4 0 0 0])
  ("Ship" .
   [2 0 0 0])
  ("Federation" .
   [2 0 0 0 0 0 0 0 0 0])
  ("Starfleet" .
   [0 0 0 0 1 0 0 0 0])
  ("BorgQueen" .
   [0 0 0 0 0 1 0 0 0])
  ("fire" .
   [4 0 0 0])
  ("move" .
   [3 0 0 0])
  ("once" .
   [10 0 0 0])
  ("Exam" .
   [7 0 1 1])
  ("cheat" .
   [1 0 0 0 1])
  ("var" .
   [3 0 0])
  ("start" .
   [2 0 0 0 0])
  ("nb" .
   [9 0])
  ("is" .
   [1 0])
  ("KreogCom" .
   [1 0 0 0 0 0 0 0])
  ("m_next" .
   [1 0 0 0 0 0])
  ("NULL" .
   [47 0 0 0])
  ("elem" .
   [12 0 0 0])
  ("next" .
   [10 0 0 2])
  ("ping" .
   [1 0 0 0])
  ("Droid" .
   [3 0 0 0 0])
  ("DroidMemory" .
   [5 0 0 0 0 0 0 0 0 0 0])
  ("dn1" .
   [2 0 0])
  ("Energy" .
   [0 0 1 0 0 0])
  ("10" .
   [9 0])
  ("setStatus" .
   [0 0 0 0 1 0 0 0 0])
  ("Character" .
   [2 0 0 2 1 0 0 0 0])
  ("_level" .
   [2 0 0 0 2 0])
  ("_name" .
   [1 0 1 1 0])
  ("level" .
   [3 0 0 0 0])
  ("_pv" .
   [1 0 0])
  ("_energy" .
   [1 0 0 0 0 0 0])
  ("getPv" .
   [1 0 0 0 0])
  ("getPower" .
   [1 0 0 0 0 0 0 0])
  ("_poer" .
   [0 0 0 1 0])
  ("_force" .
   [1 0 0 1 0 0])
  ("_endurance" .
   [2 0 0 0 0 0 0 0 0 0])
  ("_intelligence" .
   [1 0 0 0 0 0 0 0 0 0 0 0 0])
  ("_esprit" .
   [1 0 0 0 0 0 0])
  ("_agilite" .
   [0 0 1 0 0 0 1 0])
  ("_power" .
   [1 0 0 1 0 0])
  ("this" .
   [0 0 0 4])
  ("_health" .
   [1 0 1 0 0 1 0])
  ("Range" .
   [1 0 0 0 1])
  ("CLOSE" .
   [2 0 0 0 0])
  ("12" .
   [3 0])
  ("Heal" .
   [0 0 0 1])
  ("Warrior" .
   [1 0 0 0 0 0 0])
  ("Intercept" .
   [1 0 0 0 0 0 0 0 0])
  ("CloseAttack" .
   [2 0 0 0 0 0 0 0 0 0 0])
  ("RestorePower" .
   [0 0 0 0 0 0 0 0 1 0 0 0])
  ("Peon" .
   [3 0 0 0])
  ("Victime" .
   [1 0 0 0 0 0 0])
  ("Victim" .
   [2 0 0 0 0 0])
  ("getPolymorphed" .
   [0 0 0 0 1 0 0 0 0 0 1 0 0 0])
  ("getType" .
   [1 0 0 0 1 0 2])
  ("_weapon" .
   [0 0 0 1 0 0 0])
  ("getName" .
   [2 0 0 0 1 0 0])
  ("attack" .
   [0 0 0 0 0 1])
  ("Plasma" .
   [0 0 0 1 0 0])
  ("PlasmaRiffle" .
   [0 0 0 0 0 0 0 2 0 0 0 0])
  ("getUnit2" .
   [4 0 0 0 0 0 0 0])
  ("getUnit" .
   [0 0 0 0 0 0 1])
  ("cpp=" .
   [0 0 0 3])
  ("main" .
   [2 0 0 0])
  ("printf" .
   [25 0 0 0 0 0])
  ("two_column_left" .
   [1 0 0 0 0 0 0 0 0 0 0 0 0 0 0])
  ("1px" .
   [1 0 0])
  ("40%" .
   [1 0 0])
  ("public" .
   [1 0 1 0 0 0])
  ("Toy" .
   [4 0 0])
  ("_picture" .
   [2 0 0 0 0 0 0 0])
  ("data" .
   [1 0 0 0])
  ("Picture" .
   [4 0 0 0 0 0 0])
  ("getPicture" .
   [0 0 0 0 0 0 0 1 0 0])
  ("virtual" .
   [4 0 0 0 0 0 0])
  ("const_cast" .
   [0 0 0 0 1 0 0 0 0 0])
  ("Citron" .
   [0 0 0 1 0 0])
  ("Mixer" .
   [1 0 0 0 0])
  ("Card" .
   [5 0 0 0])
  ("_bearsFingerprints" .
   [1 0 0 0 0 0 0 0 0 0 0 0 0 0 0 0 0 0])
  ("bearsFingerprints" .
   [1 0 0 0 0 0 0 0 0 0 0 0 0 0 0 0 0])
  ("_isPartOfTheCrime" .
   [0 0 0 0 1 1 0 0 0 0 0 0 0 0 0 0 0])
  ("Cluedo" .
   [0 0 0 0 0 1])
  ("func" .
   [1 0 0 0])
  ("array" .
   [5 0 0 0 0])
  ("_array" .
   [4 0 1 0 0 0])
  ("_size" .
   [1 0 0 0 0])
  ("new_array" .
   [2 0 0 0 0 0 0 0 0])
  ("Array" .
   [1 0 0 0 0])
  ("template" .
   [0 0 3 0 0 1 0 0])
  ("toString" .
   [3 0 0 1 0 0 0 1])
  ("argToString" .
   [0 0 0 0 0 1 0 0 0 0 0])
  ("Tuple" .
   [0 0 1 0 0])
  ("typename" .
   [0 0 0 0 0 0 1 0])
  ("nb2" .
   [5 0 0])
  ("nb1" .
   [5 0 0])
  ("_operators" .
   [1 0 0 0 1 0 0 0 0 0])
  ("length" .
   [1 0 0 0 0 0])
  ("_numbers" .
   [2 0 0 0 1 0 0 0])
  ("size" .
   [37 0 2 2])
  ("top" .
   [2 0 0])
  ("pop" .
   [2 0 0])
  ("stack" .
   [1 0 0 0 0])
  ("feed" .
   [1 0 0 0])
  ("_feed" .
   [1 0 0 0 0])
  ("empty" .
   [1 0 0 0 0])
  ("Event" .
   [6 0 0 0 0])
  ("_time" .
   [0 0 1 2 0])
  ("_event" .
   [0 0 1 1 1 0])
  ("getEvent" .
   [0 0 0 0 1 0 0 0])
  ("getTime" .
   [0 0 0 0 1 0 0])
  ("c" .
   [2])
  ("_ss" .
   [1 0 0])
  ("_vector_setted" .
   [1 0 0 0 0 0 0 0 0 1 2 1 0 0])
  ("getSetted" .
   [2 0 0 0 0 1 0 0 0])
  ("setted" .
   [1 0 0 1 0 0])
  ("decryptChar" .
   [1 0 0 0 0 0 0 0 0 0 0])
  ("_widget" .
   [2 0 0 0 0 0 0])
  ("QString" .
   [1 0 0 0 0 0 0])
  ("coef" .
   [3 0 0 0])
  ("mouseleave" .
   [1 0 0 0 0 0 0 0 0 0])
  ("new" .
   [4 0 0])
  ("malloc" .
   [2 0 0 0 0 0])
  ("free" .
   [6 0 1 0])
  ("ptr_size" .
   [1 0 0 0 0 0 0 0])
  ("t_memory" .
   [1 0 0 0 1 2 1 0])
  ("ptr5" .
   [2 0 0 0])
  ("ptr4" .
   [1 0 0 0])
  ("last" .
   [10 0 0 1])
  ("PAGESIZE" .
   [1 0 1 0 1 0 0 0])
  ("unused" .
   [6 0 0 1 0 1])
  ("diff" .
   [8 0 0 0])
  ("libmy_malloc" .
   [0 0 0 0 0 0 0 0 0 0 0 1])
  ("add_opt" .
   [1 0 0 0 0 0 0])
  ("core" .
   [8 0 0 0])
  ("pid" .
   [6 0 0])
  ("amaster" .
   [0 0 0 1 0 0 0])
  ("res" .
   [1 0 0])
  ("getStringByValue" .
   [0 0 0 0 0 0 1 0 0 0 0 0 0 0 0 0])
  ("rhs" .
   [1 0 1])
  ("m_value" .
   [0 0 0 0 1 0 0])
  ("IOperand" .
   [0 0 1 0 0 0 0 0])
  ("m_type" .
   [2 0 0 0 0 0])
  ("Float" .
   [1 0 0 0 0])
  ("type" .
   [2 0 0 1])
  ("precision" .
   [0 0 0 0 2 0 0 0 0])
  ("m_precision" .
   [0 0 0 0 0 1 0 0 0 0 0])
  ("aiocbp" .
   [6 0 0 0 0 0])
  ("master" .
   [4 0 0 0 0 0])
  ("buff" .
   [2 0 0 0])
  ("perror" .
   [2 0 0 0 0 0])
  ("512" .
   [1 0 0])
  ("aiocb" .
   [1 0 0 0 0])
  ("x" .
   [1])
  ("list" .
   [1 0 0 0])
  ("aiocb_t" .
   [1 0 0 0 0 0 0])
  ("fd" .
   [4 0])
  ("TIOCSPTLCK" .
   [1 0 0 0 0 0 0 0 0 0])
  ("ioctl" .
   [0 0 0 1 0])
  ("tty_gp" .
   [3 0 0 0 0 0])
  ("stat" .
   [2 0 0 0])
  ("tty" .
   [2 0 0])
  ("/dev/tty" .
   [1 0 0 0 0 0 0 0])
  ("usr" .
   [3 0 0])
  ("grp" .
   [5 0 0])
  ("st_gid" .
   [1 0 0 0 0 0])
  ("TERM" .
   [1 0 0 0])
  ("termios_save" .
   [0 0 0 1 0 0 0 0 0 0 0 0])))
